world: d5faa8ea-a405-4370-a41e-399ab3c3851e
world-name: spawn
x: -41.50530226811892
y: 122.0
z: 0.28316895135594966
yaw: 179.560546875
pitch: -3.1500144004821777
name: crafteos
lastowner: 7e385908-e08e-3ca0-ac21-29b5090dec62
