world: d5faa8ea-a405-4370-a41e-399ab3c3851e
world-name: spawn
x: -42.5357590482599
y: 88.0
z: -22.69999998807907
yaw: 0.474609375
pitch: 13.871935844421387
name: crate
lastowner: 7e385908-e08e-3ca0-ac21-29b5090dec62
