world: d5faa8ea-a405-4370-a41e-399ab3c3851e
world-name: spawn
x: 296.79537235769436
y: 103.0
z: -5.373877532444917
yaw: -89.9063720703125
pitch: 0.30008363723754883
name: pvp
lastowner: 7e385908-e08e-3ca0-ac21-29b5090dec62
