world: 8dc4b7d1-c5f3-4242-9564-7d8e897a337c
world-name: world
x: -0.3239448781372964
y: 97.0
z: 0.5037374658816506
yaw: -126.25923156738281
pitch: 30.7500057220459
name: survival2
lastowner: 7e385908-e08e-3ca0-ac21-29b5090dec62
